0  0.50146484375 0.2964860907759883 0.0361328125 0.0746705710102489 0.4964423828125 0.2896354319180088 0.51370703125 0.2896354319180088 0.50680078125 0.2981068814055637 0.4986396484375 0.31363689604685213 0.51370703125 0.31269546120058567
0  0.4150390625 0.3323572474377745 0.037109375 0.07027818448023426 -0.0009765625 -0.0014641288433382138 -0.0009765625 -0.0014641288433382138 -0.0009765625 -0.0014641288433382138 -0.0009765625 -0.0014641288433382138 -0.0009765625 -0.0014641288433382138
0  0.3271484375 0.34260614934114203 0.037109375 0.06149341142020498 -0.0009765625 -0.0014641288433382138 -0.0009765625 -0.0014641288433382138 -0.0009765625 -0.0014641288433382138 -0.0009765625 -0.0014641288433382138 -0.0009765625 -0.0014641288433382138
0  0.234375 0.3616398243045388 0.037109375 0.06149341142020498 0.22659765625 0.3484099560761347 0.244384765625 0.3484099560761347 0.236275390625 0.35899853587115665 0.229212890625 0.3735095168374817 0.2425537109375 0.37390190336749635
0  0.0380859375 0.3301610541727672 0.03125 0.05124450951683748 -0.0009765625 -0.0014641288433382138 -0.0009765625 -0.0014641288433382138 -0.0009765625 -0.0014641288433382138 -0.0009765625 -0.0014641288433382138 -0.0009765625 -0.0014641288433382138
0  0.91748046875 0.2745241581259151 0.0400390625 0.0629575402635432 0.91109765625 0.2620395314787701 0.9289375 0.26244509516837483 0.920017578125 0.27662957540263544 0.912990234375 0.28878623718887264 0.92353125 0.2891918008784773
0  0.7841796875 0.2554904831625183 0.037109375 0.06588579795021962 0.7782509765625 0.2438814055636896 0.7955498046875 0.24220937042459736 0.7877373046875 0.2564319180087848 0.7782509765625 0.2681449487554905 0.7935966796875 0.267307467057101
0  0.71630859375 0.31112737920937045 0.0380859375 0.06588579795021962 0.71044921875 0.29617276720351393 0.726353515625 0.2974275256222548 0.7190986328125 0.308303074670571 0.712681640625 0.31876134699853587 0.72412109375 0.3191800878477306
0  0.595703125 0.2972181551976574 0.03125 0.0527086383601757 -0.0009765625 -0.0014641288433382138 -0.0009765625 -0.0014641288433382138 -0.0009765625 -0.0014641288433382138 -0.0009765625 -0.0014641288433382138 -0.0009765625 -0.0014641288433382138
0  0.15869140625 0.3389458272327965 0.0322265625 0.048316251830161056 -0.0009765625 -0.0014641288433382138 -0.0009765625 -0.0014641288433382138 -0.0009765625 -0.0014641288433382138 -0.0009765625 -0.0014641288433382138 -0.0009765625 -0.0014641288433382138
